symbol,open,high,low,close,volume
aaa,21.75,21.82,20.88,20.89,3514970
aaa,,,,20.89,0
aam,9.31,9.35,9.08,9.1,1780
aam,,,,9.1,0
abt,36.07,36.91,35.81,36.77,330
abt,,,,36.77,0
acb,18.42,19.21,18.42,18.89,4063912
acb,,,,18.89,0
acc,21.9,21.9,21.9,21.9,6100
acc,,,,21.9,0
acl,8.45,8.55,8.45,8.5,5300
acl,,,,8.5,0
acm,1.7,1.7,1.6,1.7,1783410
acm,,,,1.7,0
adc,,,,14.22,0
adc,,,,14.22,0
ads,17.97,18.4,17.97,18.01,343000
ads,,,,18.01,0
agf,9.51,9.7,9.5,9.7,14130
agf,,,,9.7,0
agm,8.82,9.18,8.82,9.17,5120
agm,,,,9.17,0
agr,3.53,3.66,3.53,3.57,581520
agr,,,,3.57,0
alt,,,,15.42,0
alt,,,,15.42,0
alv,6.63,6.72,6.34,6.72,8152
alv,,,,6.72,0
amc,23.61,23.61,23.3,23.3,200
amc,,,,23.3,0
amd,13.3,13.75,13.1,13.7,276320
amd,,,,13.7,0
ame,,,,4.1,0
ame,,,,4.1,0
amv,17.0,17.5,16.5,17.5,24000
amv,,,,17.5,0
anv,4.97,5.04,4.72,4.92,155690
anv,,,,4.92,0
apc,23.63,23.83,23.24,23.83,94870
apc,,,,23.83,0
apg,5.01,5.01,4.78,4.82,133420
apg,,,,4.82,0
api,24.0,24.8,23.2,24.8,27590
api,,,,24.8,0
app,,,,4.44,0
app,,,,4.44,0
aps,3.1,3.2,3.0,3.1,171100
aps,,,,3.1,0
arm,33.68,33.68,33.68,33.68,5000
arm,,,,33.68,0
asa,1.8,1.9,1.8,1.9,63500
asa,,,,1.9,0
asm,13.73,13.73,13.46,13.45,1358010
asm,,,,13.45,0
asp,4.16,4.35,3.89,4.0,41790
asp,,,,4.0,0
atg,2.03,2.05,2.0,2.04,397910
atg,,,,2.04,0
ats,17.5,17.5,14.5,17.0,82000
ats,,,,17.0,0
b82,2.9,2.9,2.5,2.5,6535
b82,,,,2.5,0
bax,,,,18.44,0
bax,,,,18.44,0
bbc,101.98,101.98,99.11,99.21,250
bbc,,,,99.21,0
bbs,12.9,12.9,12.07,12.07,5700
bbs,,,,12.07,0
bcc,13.23,14.21,13.23,14.03,909923
bcc,,,,14.03,0
bce,5.47,5.47,5.39,5.41,26630
bce,,,,5.41,0
bcg,6.8,6.8,6.5,6.51,752890
bcg,,,,6.51,0
bci,25.0,25.0,24.5,24.5,1610
bci,,,,24.5,0
bdb,,,,8.33,0
bdb,,,,8.33,0
bed,,,,35.86,0
bed,,,,35.86,0
bfc,34.73,35.78,34.29,34.56,852680
bfc,,,,34.56,0
bgm,,,,0.86,0
bhn,81.09,81.09,79.62,80.11,2880
bhn,,,,80.11,0
bhs,19.7,19.75,18.55,18.6,3180910
bhs,,,,18.6,0
bht,3.0,3.0,3.0,3.0,100
bht,,,,3.0,0
bic,37.08,38.05,37.08,38.05,2900
bic,,,,38.05,0
bid,16.48,16.53,16.19,16.38,3557650
bid,,,,16.38,0
bii,3.4,3.4,3.2,3.2,558300
bii,,,,3.2,0
bkc,5.6,6.0,5.6,6.0,1022
bkc,,,,6.0,0
blf,4.0,4.3,4.0,4.3,10600
blf,,,,4.3,0
bmc,20.67,21.04,20.21,20.77,23450
bmc,,,,20.77,0
bmi,24.84,25.97,24.84,25.92,8080
bmi,,,,25.92,0
bmp,95.47,95.47,94.6,95.21,63560
bmp,,,,95.21,0
bpc,14.68,15.44,14.68,15.44,1800
bpc,,,,15.44,0
brc,9.29,9.37,9.29,9.37,9000
brc,,,,9.37,0
bsc,,,,15.19,0
bsc,,,,15.19,0
bsi,10.49,11.3,10.49,10.75,23530
bsi,,,,10.75,0
bst,,,,10.96,0
bst,,,,10.96,0
btp,11.23,11.23,11.18,11.18,5600
btp,,,,11.18,0
bts,7.9,7.9,7.9,7.9,5220
bts,,,,7.9,0
btt,,,,33.86,0
btt,,,,33.86,0
bvh,55.6,55.7,55.12,55.31,336850
bvh,,,,55.31,0
bvs,17.28,17.28,16.8,17.09,46750
bvs,,,,17.09,0
bxh,12.94,12.94,12.94,12.94,16
bxh,,,,12.94,0
c32,33.49,33.63,33.01,33.01,134310
c32,,,,33.01,0
c47,9.69,9.69,9.37,9.55,24700
c47,,,,9.55,0
c69,5.38,5.55,5.21,5.38,189400
c92,8.3,8.3,8.3,8.3,100
c92,,,,8.3,0
can,21.67,21.67,21.67,21.67,300
can,,,,21.67,0
cap,26.6,26.84,26.28,26.84,2512
cap,,,,26.84,0
cav,51.98,51.98,51.23,51.42,105260
cav,,,,51.42,0
cci,12.82,12.82,12.82,12.82,30
cci,,,,12.82,0
ccl,3.2,3.31,3.14,3.14,333440
ccl,,,,3.14,0
ccm,,,,21.03,0
ccm,,,,21.03,0
cdc,12.92,13.23,12.26,12.44,120
cdc,,,,12.44,0
cdn,16.74,17.4,16.67,16.67,6400
cdn,,,,16.67,0
cdo,3.79,3.87,3.7,3.7,885020
cdo,,,,3.7,0
cee,27.47,27.47,26.94,27.47,2807600
ceo,10.54,10.79,10.13,10.14,4394700
ceo,,,,10.14,0
chp,18.72,19.04,18.64,18.64,165230
chp,,,,18.64,0
cig,2.79,2.79,2.44,2.79,8500
cig,,,,2.79,0
cii,38.9,39.2,38.4,39.1,1628810
cii,,,,39.1,0
cjc,,,,22.39,0
cjc,,,,22.39,0
ckv,12.76,12.76,12.76,12.76,4300
ckv,,,,12.76,0
clc,36.83,37.59,36.58,37.59,2380
clc,,,,37.59,0
clg,5.17,5.17,5.17,5.17,25310
clg,,,,5.17,0
clh,12.19,13.09,12.19,13.09,1500
clh,,,,13.09,0
cll,24.57,24.57,24.57,24.57,1200
cll,,,,24.57,0
clm,,,,13.86,0
clm,,,,13.86,0
clw,17.07,17.07,17.07,17.07,10
clw,,,,17.07,0
cmc,6.1,6.1,6.1,6.1,800
cmc,,,,6.1,0
cmg,12.39,12.65,12.39,12.39,160
cmg,,,,12.39,0
cmi,3.9,4.0,3.8,4.0,100320
cmi,,,,4.0,0
cms,5.7,5.8,5.7,5.8,1200
cms,,,,5.8,0
cmt,14.0,14.0,13.0,13.0,710
cmt,,,,13.0,0
cmv,,,,19.99,0
cmv,,,,19.99,0
cmx,4.17,4.17,3.86,4.1,1670
cmx,,,,4.1,0
cng,30.49,31.15,30.4,30.97,9060
cng,,,,30.97,0
com,,,,55.78,0
com,,,,55.78,0
cpc,23.6,23.6,23.6,23.6,210
cpc,,,,23.6,0
csc,27.54,27.54,27.35,27.35,15200
csc,,,,27.35,0
csm,16.42,16.42,16.19,16.19,204490
csm,,,,16.19,0
csv,26.4,26.83,25.88,26.66,224460
csv,,,,26.66,0
ct6,,,,5.05,0
ct6,,,,5.05,0
cta,1.6,1.6,1.5,1.5,400
cta,,,,1.5,0
ctb,,,,25.4,0
ctb,,,,25.4,0
ctc,,,,3.8,0
ctc,,,,3.8,0
ctd,191.93,192.78,190.04,190.04,72810
ctd,,,,190.04,0
ctg,17.31,17.55,17.06,17.16,815770
ctg,,,,17.16,0
cti,28.94,29.24,28.45,28.46,234400
cti,,,,28.46,0
ctp,10.24,10.48,10.24,10.48,124200
ctp,,,,10.48,0
cts,7.9,8.07,7.65,7.65,780964
cts,,,,7.65,0
ctt,6.1,6.1,6.1,6.1,600
ctt,,,,6.1,0
ctx,17.0,17.0,17.0,17.0,3600
ctx,,,,17.0,0
cvn,2.6,2.8,2.6,2.8,42085
cvn,,,,2.8,0
cvt,28.82,29.08,27.93,28.14,656390
cvt,,,,28.14,0
cx8,7.81,8.06,7.81,8.07,900
cx8,,,,8.07,0
d11,13.02,13.02,13.02,13.03,2300
d11,,,,13.03,0
d2d,36.42,36.42,35.82,35.82,59180
d2d,,,,35.82,0
dad,15.91,15.91,15.37,15.92,600
dad,,,,15.92,0
dae,15.31,15.31,15.22,15.22,1100
dae,,,,15.22,0
dag,11.33,11.54,11.29,11.45,547120
dag,,,,11.45,0
dah,5.81,5.96,5.8,5.81,194540
dah,,,,5.81,0
dat,,,,20.17,0
dat,,,,20.17,0
dbc,26.88,26.88,26.4,26.69,186910
dbc,,,,26.69,0
dbt,14.33,14.33,14.15,14.33,10380
dbt,,,,14.33,0
dc2,5.89,5.89,5.79,5.8,8100
dc2,,,,5.8,0
dc4,6.1,6.27,6.1,6.27,7100
dc4,,,,6.27,0
dcl,20.08,20.27,19.79,19.79,230530
dcl,,,,19.79,0
dcm,12.5,13.43,12.24,13.12,7711430
dcm,,,,13.12,0
dcs,2.6,2.7,2.5,2.5,1665101
dcs,,,,2.5,0
dgc,29.82,30.21,29.82,30.11,27663
dgc,,,,30.11,0
dgl,30.6,30.79,30.6,30.79,3500
dgl,,,,30.79,0
dgw,13.86,13.86,13.63,13.68,138420
dgw,,,,13.68,0
dha,27.73,27.91,27.63,27.73,113150
dha,,,,27.73,0
dhc,27.3,28.15,27.13,27.13,61580
dhc,,,,27.13,0
dhg,93.36,93.36,91.88,92.27,53740
dhg,,,,92.27,0
dhm,9.8,10.0,9.3,9.37,2436270
dhm,,,,9.37,0
dhp,8.89,8.89,8.89,8.89,6000
dhp,,,,8.89,0
dht,34.52,36.42,33.88,35.88,29417
dht,,,,35.88,0
dic,6.73,6.89,6.72,6.73,76380
dic,,,,6.73,0
did,,,,5.0,0
did,,,,5.0,0
dig,11.46,11.46,10.82,10.87,2337240
dig,,,,10.87,0
dih,,,,9.13,0
dih,,,,9.13,0
dl1,5.46,5.46,5.31,5.31,19300
dl1,,,,5.31,0
dlg,4.84,4.84,4.31,4.5,5591490
dlg,,,,4.5,0
dlr,,,,9.5,0
dlr,,,,9.5,0
dmc,91.38,96.19,90.42,95.9,75440
dnc,,,,24.94,0
dnc,,,,24.94,0
dnm,23.53,23.53,23.53,23.53,10032
dnm,,,,23.53,0
dnp,12.54,13.01,12.36,12.77,19500
dnp,,,,12.77,0
dny,6.55,6.73,6.55,6.73,4100
dny,,,,6.73,0
dp3,32.62,32.62,32.17,32.44,17600
dp3,,,,32.44,0
dpc,16.5,16.5,15.58,16.5,900
dpc,,,,16.5,0
dpm,20.67,20.88,20.49,20.58,724140
dpm,,,,20.58,0
dpr,35.89,36.23,35.72,36.23,103710
dpr,,,,36.23,0
dps,2.8,2.9,2.8,2.8,141281
dps,,,,2.8,0
dqc,40.4,40.4,39.8,39.97,58810
dqc,,,,39.97,0
drc,27.71,27.71,26.93,26.98,593620
drc,,,,26.98,0
drh,25.58,26.08,25.37,25.67,851280
drh,,,,25.67,0
drl,32.82,32.99,31.89,32.99,4120
drl,,,,32.99,0
dsn,50.91,51.09,50.63,51.0,10580
dsn,,,,51.0,0
dst,29.5,29.8,28.0,28.3,503700
dst,,,,28.3,0
dta,2.6,2.72,2.41,2.72,152940
dta,,,,2.72,0
dtl,28.0,28.0,28.0,28.0,10
dtl,,,,28.0,0
dtt,,,,9.01,0
dtt,,,,9.01,0
dvp,,,,65.58,0
dvp,,,,65.58,0
dxg,18.35,18.44,17.69,17.69,4446370
dxg,,,,17.69,0
dxp,12.82,13.0,12.82,13.0,11000
dxp,,,,13.0,0
dxv,4.59,4.59,4.3,4.4,1140
dxv,,,,4.4,0
dzm,,,,7.67,0
dzm,,,,7.67,0
e1sshn30,,,,10.0,0
e1sshn30,,,,10.0,0
e1vfvn30,11.35,11.42,11.35,11.41,38550
e1vfvn30,,,,11.41,0
ebs,8.17,8.17,8.17,8.17,4000
ebs,,,,8.17,0
eci,,,,11.7,0
eci,,,,11.7,0
eib,11.1,11.15,11.0,11.0,373780
eib,,,,11.0,0
eid,13.72,14.73,13.54,14.09,6400
eid,,,,14.09,0
elc,20.81,20.9,20.72,20.76,106130
elc,,,,20.76,0
emc,18.65,18.65,17.45,17.45,3330
emc,,,,17.45,0
eve,20.12,20.75,19.58,20.21,638870
eve,,,,20.21,0
fcm,4.83,4.87,4.76,4.78,180450
fcm,,,,4.78,0
fcn,16.82,17.61,16.82,17.11,947800
fcn,,,,17.11,0
fdc,26.0,26.9,25.2,26.9,360
fdc,,,,26.9,0
fdt,,,,34.3,0
fdt,,,,34.3,0
fid,,,,1.7,0
fid,,,,1.7,0
fit,5.12,5.19,5.05,5.06,3348830
fit,,,,5.06,0
flc,7.05,7.14,6.88,6.88,32326290
flc,,,,6.88,0
fmc,13.23,13.3,13.13,13.29,37180
fmc,,,,13.29,0
fpt,33.03,33.38,32.79,32.83,638370
fpt,,,,32.83,0
ftm,12.48,12.62,12.28,12.33,203300
ftm,,,,12.33,0
fts,10.57,10.61,10.53,10.52,30920
fts,,,,10.52,0
fuctvgf1,,,,10.83,0
fuctvgf1,,,,10.83,0
fucvreit,25.75,25.75,25.75,25.75,810
fucvreit,,,,25.75,0
g20,3.0,3.2,3.0,3.0,158400
g20,,,,3.0,0
gas,50.22,50.22,49.95,50.04,198540
gas,,,,50.04,0
gdt,46.62,47.4,45.84,46.62,1210
gdt,,,,46.62,0
gil,44.49,44.95,44.21,44.49,66950
gil,,,,44.49,0
glt,35.82,38.74,35.82,38.75,200
glt,,,,38.75,0
gmc,25.29,25.64,25.29,25.55,19550
gmc,,,,25.55,0
gmd,31.05,31.44,29.79,29.9,2618370
gmd,,,,29.9,0
gmx,20.82,20.82,20.82,20.82,4000
gmx,,,,20.82,0
gsp,10.57,10.69,10.49,10.65,47230
gsp,,,,10.65,0
gta,12.38,13.73,12.15,12.98,9670
gta,,,,12.98,0
gtn,16.45,16.6,16.35,16.6,2148010
gtn,,,,16.6,0
had,28.88,30.61,28.88,30.61,300
had,,,,30.61,0
hag,8.89,9.18,8.89,8.94,7620970
hag,,,,8.94,0
hah,22.79,22.79,22.17,22.61,6070
hah,,,,22.61,0
hai,4.2,4.2,3.9,3.9,1214920
hai,,,,3.9,0
hap,4.81,5.2,4.68,5.19,1307460
hap,,,,5.19,0
har,3.88,4.12,3.83,4.04,2755130
har,,,,4.04,0
has,6.39,6.75,6.39,6.75,24350
has,,,,6.75,0
hat,31.72,31.72,31.24,31.53,3900
hat,,,,31.53,0
hax,23.49,24.17,23.41,23.97,115300
hax,,,,23.97,0
hbc,26.36,27.8,26.22,26.88,3094660
hbc,,,,26.88,0
hbe,,,,6.36,0
hbe,,,,6.36,0
hbs,2.9,2.9,2.9,2.9,23400
hbs,,,,2.9,0
hcc,18.23,18.23,17.89,18.11,4300
hcc,,,,18.11,0
hcd,7.1,7.17,7.1,7.13,206860
hcd,,,,7.13,0
hcm,35.86,36.05,33.92,33.92,1009190
hcm,,,,33.92,0
hct,16.3,16.3,16.3,16.3,100
hct,,,,16.3,0
hda,9.89,9.89,9.54,9.62,64400
hda,,,,9.62,0
hdc,11.19,11.48,10.9,10.9,178410
hdc,,,,10.9,0
hdg,25.38,25.46,25.03,25.03,33340
hdg,,,,25.03,0
hdo,0.9,0.9,0.8,0.8,105168
hdo,,,,0.8,0
hev,,,,11.7,0
hev,,,,11.7,0
hgm,,,,33.01,0
hgm,,,,33.01,0
hhc,48.5,48.8,48.5,48.8,1155
hhc,,,,48.8,0
hhg,7.69,7.77,7.34,7.34,420060
hhg,,,,7.34,0
hhs,4.85,4.85,4.55,4.62,4862340
hhs,,,,4.62,0
hid,3.6,3.67,3.5,3.59,1346550
hid,,,,3.59,0
hjs,14.47,14.47,14.47,14.47,2100
hjs,,,,14.47,0
hkb,5.0,5.1,4.8,4.8,1488730
hkb,,,,4.8,0
hkt,4.0,4.18,4.0,4.09,5100
hkt,,,,4.09,0
hlc,,,,8.18,0
hlc,,,,8.18,0
hld,8.49,8.49,8.29,8.29,25700
hld,,,,8.29,0
hlg,10.3,10.3,10.2,10.3,21750
hlg,,,,10.3,0
hly,15.31,15.31,15.31,15.31,1800
hly,,,,15.31,0
hmc,7.75,8.02,7.73,7.74,19680
hmc,,,,7.74,0
hmh,10.98,11.4,10.98,10.97,31700
hmh,,,,10.97,0
hng,11.45,11.9,11.4,11.55,2661780
hng,,,,11.55,0
hnm,6.0,6.2,5.8,6.1,70200
hnm,,,,6.1,0
hom,5.13,5.31,5.13,5.31,1600
hom,,,,5.31,0
hot,,,,27.07,0
hot,,,,27.07,0
hpg,19.73,19.76,19.4,19.39,5684020
hpg,,,,19.39,0
hpm,19.3,19.4,19.3,19.4,500
hpm,,,,19.4,0
hqc,3.04,3.04,2.91,3.04,26380670
hqc,,,,3.04,0
hrc,37.9,37.9,37.9,37.9,910
hrc,,,,37.9,0
hsg,24.24,24.27,23.63,23.62,2581450
hsg,,,,23.62,0
hst,,,,4.83,0
hst,,,,4.83,0
ht1,19.6,20.3,19.08,19.13,524480
ht1,,,,19.13,0
htc,29.05,29.05,28.67,29.05,5500
htc,,,,29.05,0
hti,16.04,16.04,15.71,15.96,10890
hti,,,,15.96,0
htl,39.73,40.56,39.64,40.56,3650
htl,,,,40.56,0
htp,,,,15.35,0
htp,,,,15.35,0
htv,14.09,14.09,14.09,14.09,10
htv,,,,14.09,0
hu1,5.55,5.78,5.55,5.78,2220
hu1,,,,5.78,0
hu3,6.62,6.76,6.58,6.59,2000
hu3,,,,6.59,0
hut,13.11,13.37,12.93,12.94,3730980
hut,,,,12.94,0
hva,2.5,2.5,2.5,2.5,7430
hva,,,,2.5,0
hvg,6.99,6.99,6.8,6.88,813690
hvg,,,,6.88,0
hvt,26.47,26.55,26.47,26.55,1100
hvt,,,,26.55,0
hvx,4.46,4.46,4.27,4.27,1450
hvx,,,,4.27,0
icf,2.31,2.31,2.25,2.3,4870
icf,,,,2.3,0
icg,6.9,7.1,6.9,7.1,230
icg,,,,7.1,0
idi,5.7,5.96,5.29,5.66,1284370
idi,,,,5.66,0
idj,2.2,2.3,2.2,2.3,41800
idj,,,,2.3,0
idv,32.86,33.6,32.79,33.06,36700
idv,,,,33.06,0
ijc,8.95,9.0,8.58,8.79,1369360
ijc,,,,8.79,0
imp,47.24,47.63,46.85,47.24,16230
imp,,,,47.24,0
inc,,,,5.38,0
inc,,,,5.38,0
inn,40.47,40.54,39.31,40.54,18700
inn,,,,40.54,0
ita,3.5,3.7,3.5,3.69,15007780
ita,,,,3.69,0
itc,13.87,13.97,13.67,13.77,149230
itc,,,,13.77,0
itd,23.85,24.26,23.39,23.94,69180
itd,,,,23.94,0
itq,3.2,3.2,3.1,3.1,44900
itq,,,,3.1,0
ivs,9.9,10.2,9.6,10.0,11800
ivs,,,,10.0,0
jvc,3.2,3.2,3.1,3.13,187420
jvc,,,,3.13,0
kac,15.18,15.43,15.18,15.38,630
kac,,,,15.38,0
kbc,16.45,16.65,16.0,16.05,5015400
kbc,,,,16.05,0
kdc,37.79,38.43,37.33,37.7,249710
kdc,,,,37.7,0
kdh,21.99,23.22,21.83,22.15,615970
kdh,,,,22.15,0
kdm,3.8,3.9,3.6,3.6,175000
kdm,,,,3.6,0
kha,37.83,37.83,37.83,37.83,100
kha,,,,37.83,0
khb,1.9,1.9,1.7,1.7,523050
khb,,,,1.7,0
khl,,,,0.8,0
khl,,,,0.8,0
khp,9.58,9.68,9.49,9.68,5690
khp,,,,9.68,0
kkc,12.7,13.13,12.7,13.05,60370
kkc,,,,13.05,0
klf,2.7,2.8,2.6,2.8,7917677
klf,,,,2.8,0
kmr,4.7,4.71,4.48,4.54,166980
kmr,,,,4.54,0
kmt,,,,7.82,0
kmt,,,,7.82,0
kpf,7.58,7.63,7.58,7.63,20150
kpf,,,,7.63,0
ksa,1.71,1.79,1.71,1.79,2100170
ksa,,,,1.79,0
ksb,43.38,43.38,42.41,42.94,648690
ksb,,,,42.94,0
ksd,3.3,3.3,3.2,3.3,5200
ksd,,,,3.3,0
ksh,2.16,2.31,2.16,2.31,1929660
ksh,,,,2.31,0
ksk,1.0,1.1,1.0,1.1,1541200
ksk,,,,1.1,0
ksq,1.7,1.7,1.6,1.7,284500
ksq,,,,1.7,0
kst,,,,13.39,0
kst,,,,13.39,0
kts,46.2,46.3,46.1,46.3,1100
kts,,,,46.3,0
ktt,7.0,7.1,6.9,7.0,12200
ktt,,,,7.0,0
kvc,2.6,2.7,2.5,2.6,1585750
kvc,,,,2.6,0
l10,13.89,13.89,13.89,13.88,10
l10,,,,13.88,0
l14,23.11,23.49,23.11,23.49,9300
l14,,,,23.49,0
l18,,,,6.69,0
l18,,,,6.69,0
l35,,,,4.42,0
l35,,,,4.42,0
l43,5.2,5.2,5.2,5.2,2000
l43,,,,5.2,0
l44,1.9,1.9,1.9,1.9,1100
l44,,,,1.9,0
l61,7.76,7.76,7.76,7.76,38
l61,,,,7.76,0
l62,5.64,5.64,5.64,5.64,10
l62,,,,5.64,0
laf,11.6,11.6,11.6,11.6,6880
laf,,,,11.6,0
las,12.81,12.98,12.2,12.2,178258
las,,,,12.2,0
lbe,,,,14.71,0
lbe,,,,14.71,0
lbm,33.51,34.25,33.51,34.16,3210
lbm,,,,34.16,0
lcd,,,,6.92,0
lcd,,,,6.92,0
lcg,8.48,9.04,8.36,8.69,4074160
lcg,,,,8.69,0
lcm,0.9,0.96,0.9,0.96,200070
lcm,,,,0.96,0
lcs,3.6,3.8,3.4,3.4,700
lcs,,,,3.4,0
ldg,13.88,13.95,13.04,13.39,2233930
ldg,,,,13.39,0
ldp,,,,32.31,0
ldp,,,,32.31,0
lgc,21.6,23.0,21.6,22.95,3010
lgc,,,,22.95,0
lgl,6.83,7.23,6.83,7.13,15460
lgl,,,,7.13,0
lhc,57.32,57.51,56.94,57.42,23300
lhc,,,,57.42,0
lhg,20.07,20.34,19.65,19.65,183690
lhg,,,,19.65,0
lig,6.7,6.8,6.6,6.7,338500
lig,,,,6.7,0
lix,44.2,44.2,43.47,43.48,21370
lix,,,,43.48,0
lm7,,,,2.7,0
lm7,,,,2.7,0
lm8,22.05,22.51,22.05,22.32,1100
lm8,,,,22.32,0
lo5,2.8,2.8,2.8,2.8,1000
lo5,,,,2.8,0
lss,12.67,12.67,12.39,12.57,667580
lss,,,,12.57,0
ltc,3.3,3.3,3.3,3.3,6300
ltc,,,,3.3,0
lut,2.7,2.7,2.7,2.7,100
lut,,,,2.7,0
mac,8.04,8.13,7.95,8.04,42950
mac,,,,8.04,0
mas,89.65,89.92,89.29,89.29,47000
mas,,,,89.29,0
mbb,13.37,13.57,13.33,13.37,1524400
mbb,,,,13.37,0
mbg,3.71,3.71,3.52,3.71,17000
mbg,,,,3.71,0
mbs,7.68,7.78,7.68,7.77,287875
mbs,,,,7.77,0
mcc,12.8,12.8,12.8,12.8,300
mcc,,,,12.8,0
mcf,10.12,10.33,10.12,10.32,500
mcf,,,,10.32,0
mcg,3.68,3.9,3.56,3.8,1691810
mcg,,,,3.8,0
mco,1.9,1.9,1.9,1.9,200
mco,,,,1.9,0
mcp,25.31,25.31,25.31,25.31,10
mcp,,,,25.31,0
mdc,4.83,4.83,4.83,4.83,2740
mdc,,,,4.83,0
mdg,10.93,10.93,10.13,10.17,110
mdg,,,,10.17,0
mec,2.8,2.8,2.8,2.8,124
mec,,,,2.8,0
mhc,4.77,4.77,4.69,4.69,191690
mhc,,,,4.69,0
mhl,5.45,5.45,5.45,5.45,100
mhl,,,,5.45,0
mim,,,,3.65,0
mim,,,,3.65,0
mkv,,,,14.4,0
mkv,,,,14.4,0
mls,23.0,23.0,22.7,22.7,4300
mls,,,,22.7,0
mnc,4.93,4.93,4.75,4.75,19900
mnc,,,,4.75,0
mpt,5.2,5.4,4.6,5.0,555700
mpt,,,,5.0,0
msc,19.97,20.92,19.97,20.92,7400
msc,,,,20.92,0
msn,42.5,44.5,42.5,43.85,572240
msn,,,,43.85,0
mst,9.8,9.8,9.4,9.5,349500
mst,,,,9.5,0
mwg,89.72,89.72,88.06,88.35,261360
mwg,,,,88.35,0
naf,26.48,26.67,26.38,26.48,83100
naf,,,,26.48,0
nag,4.86,4.95,4.77,4.78,12804
nag,,,,4.78,0
nav,8.0,8.0,8.0,8.0,7830
nav,,,,8.0,0
nbb,19.31,20.81,19.31,20.65,351790
nbb,,,,20.65,0
nbc,5.07,5.24,5.07,5.24,2700
nbc,,,,5.24,0
nbp,,,,11.58,0
nbp,,,,11.58,0
nct,69.52,70.56,69.18,69.61,38210
nct,,,,69.61,0
ndf,5.7,5.7,5.7,5.7,14300
ndf,,,,5.7,0
ndn,8.27,8.59,8.03,8.11,1866271
ndn,,,,8.11,0
ndx,9.1,9.55,9.1,9.55,1100
ndx,,,,9.55,0
net,25.85,25.94,25.76,25.76,28330
net,,,,25.76,0
nfc,,,,14.55,0
nfc,,,,14.55,0
ngc,,,,10.26,0
ngc,,,,10.26,0
nha,7.42,7.42,6.89,7.19,29500
nha,,,,7.19,0
nhc,28.66,28.66,26.87,26.87,6220
nhc,,,,26.87,0
nhp,3.3,3.4,3.2,3.3,181119
nhp,,,,3.3,0
nkg,20.54,20.54,19.72,19.77,500490
nkg,,,,19.77,0
nlg,22.11,22.11,21.37,21.37,803540
nlg,,,,21.37,0
nnc,46.75,47.23,46.4,46.76,14310
nnc,,,,46.76,0
nps,,,,12.0,0
nps,,,,12.0,0
nsc,102.2,103.27,99.86,100.06,4360
nsc,,,,100.06,0
nst,11.32,13.06,11.32,11.32,2300
nst,,,,11.32,0
nt2,22.74,22.89,22.56,22.56,233980
nt2,,,,22.56,0
ntl,10.0,10.05,9.63,9.63,1052200
ntl,,,,9.63,0
ntp,59.4,60.96,59.4,60.18,16578
ntp,,,,60.18,0
nvb,4.7,4.9,4.6,4.6,14800
nvb,,,,4.6,0
nvl,51.68,51.84,51.3,51.6,533430
nvl,,,,51.6,0
nvt,2.93,2.93,2.72,2.93,3979290
nvt,,,,2.93,0
och,5.7,5.7,5.7,5.7,100
och,,,,5.7,0
ogc,1.26,1.28,1.25,1.27,2951340
ogc,,,,1.27,0
one,5.64,5.64,5.28,5.64,5600
one,,,,5.64,0
opc,42.54,42.54,41.98,41.98,820
opc,,,,41.98,0
ors,,,,3.0,0
ors,,,,3.0,0
pac,36.91,37.81,36.91,37.63,104220
pac,,,,37.63,0
pan,35.65,35.65,35.65,35.65,340
pan,,,,35.65,0
pbp,11.61,11.61,11.43,11.61,300
pbp,,,,11.61,0
pc1,27.7,27.76,26.76,27.42,188680
pc1,,,,27.42,0
pce,,,,12.5,0
pce,,,,12.5,0
pcg,,,,8.5,0
pcg,,,,8.5,0
pcn,2.9,2.9,2.9,2.9,1000
pcn,,,,2.9,0
pct,,,,9.8,0
pct,,,,9.8,0
pdb,14.95,14.95,14.63,14.63,30500
pdb,,,,14.63,0
pdc,,,,4.1,0
pdc,,,,4.1,0
pdn,64.47,66.07,61.36,65.88,1090
pdn,,,,65.88,0
pdr,21.21,21.21,20.75,20.76,760020
pdr,,,,20.76,0
pen,,,,8.7,0
pen,,,,8.7,0
pet,9.51,9.67,9.47,9.47,392210
pet,,,,9.47,0
pgc,13.2,13.48,13.02,13.01,119410
pgc,,,,13.01,0
pgd,41.15,41.52,41.15,41.42,256300
pgd,,,,41.42,0
pgi,21.73,21.73,21.17,21.17,70210
pgi,,,,21.17,0
pgs,16.99,17.17,16.81,16.99,272958
pgs,,,,16.99,0
pgt,3.5,3.7,3.4,3.4,17437
pgt,,,,3.4,0
phc,11.8,11.87,11.43,11.51,208700
phc,,,,11.51,0
php,14.75,14.75,14.38,14.75,9400
php,,,,14.75,0
phr,15.35,15.57,15.11,15.3,777880
phr,,,,15.3,0
pic,,,,10.97,0
pic,,,,10.97,0
pit,,,,6.6,0
pit,,,,6.6,0
piv,17.14,17.53,16.57,16.76,376865
piv,,,,16.76,0
pjc,12.07,12.07,12.07,12.07,10
pjc,,,,12.07,0
pjt,9.88,9.92,9.88,9.92,21430
pjt,,,,9.92,0
plc,24.25,24.67,24.0,24.5,1911
plc,,,,24.5,0
plx,44.6,47.24,44.24,46.42,3627190
plx,,,,46.42,0
pmb,,,,10.47,0
pmb,,,,10.47,0
pmc,68.74,68.93,68.74,68.93,3420
pmc,,,,68.93,0
pmp,13.87,13.95,13.87,13.95,2100
pmp,,,,13.95,0
pms,24.18,24.8,23.95,24.73,32900
pms,,,,24.73,0
pnc,,,,13.45,0
pnc,,,,13.45,0
pnj,59.85,60.3,58.18,58.17,290630
pnj,,,,58.17,0
pom,17.0,17.0,16.15,16.15,25100
pom,,,,16.15,0
pot,17.1,17.1,17.1,17.11,2200
pot,,,,17.11,0
ppc,16.41,16.74,16.41,16.58,292710
ppc,,,,16.58,0
ppe,13.1,13.1,12.7,13.0,700
ppe,,,,13.0,0
ppi,2.57,2.75,2.57,2.66,494120
ppi,,,,2.66,0
ppp,,,,10.19,0
ppp,,,,10.19,0
pps,,,,10.42,0
pps,,,,10.42,0
ppy,,,,11.41,0
ppy,,,,11.41,0
prc,,,,16.09,0
prc,,,,16.09,0
psc,11.8,11.8,11.8,11.8,100
psc,,,,11.8,0
psd,13.3,13.3,13.3,13.3,900
psd,,,,13.3,0
pse,11.42,11.42,11.42,11.42,3000
pse,,,,11.42,0
psi,4.4,4.8,4.4,4.8,2690
psi,,,,4.8,0
psw,,,,11.2,0
psw,,,,11.2,0
ptb,61.07,61.17,60.45,60.93,29870
ptb,,,,60.93,0
ptc,6.39,6.39,5.91,6.0,17240
ptc,,,,6.0,0
ptd,17.47,17.9,17.47,17.9,1500
ptd,,,,17.9,0
pti,23.22,23.22,23.22,23.22,290
pti,,,,23.22,0
ptl,2.79,2.79,2.64,2.67,198980
ptl,,,,2.67,0
pts,,,,5.3,0
pts,,,,5.3,0
pv2,1.7,1.9,1.7,1.9,3400
pv2,,,,1.9,0
pvb,10.5,10.5,10.2,10.5,26500
pvb,,,,10.5,0
pvc,6.96,6.96,6.87,6.87,93405
pvc,,,,6.87,0
pvd,16.2,16.5,16.15,16.15,1995380
pvd,,,,16.15,0
pve,6.32,6.41,6.32,6.41,27826
pve,,,,6.41,0
pvg,7.0,7.0,6.9,7.0,14500
pvg,,,,7.0,0
pvi,26.56,26.92,26.2,26.56,27277
pvi,,,,26.56,0
pvl,2.5,2.5,2.4,2.5,20400
pvl,,,,2.5,0
pvr,2.5,2.7,2.3,2.7,7959
pvr,,,,2.7,0
pvs,16.21,16.59,16.12,16.22,1253214
pvs,,,,16.22,0
pvt,11.66,11.75,11.48,11.48,849870
pvt,,,,11.48,0
pvv,1.4,1.4,1.2,1.3,34000
pvv,,,,1.3,0
pvx,2.0,2.1,1.9,2.0,3099246
pvx,,,,2.0,0
pxa,1.2,1.3,1.1,1.2,100300
pxa,,,,1.2,0
pxi,2.9,2.95,2.86,2.86,79430
pxi,,,,2.86,0
pxs,8.63,8.78,8.57,8.74,225050
pxs,,,,8.74,0
pxt,3.43,3.65,3.43,3.49,44380
pxt,,,,3.49,0
qbs,7.6,7.6,7.06,7.06,572080
qbs,,,,7.06,0
qcg,14.61,14.61,14.61,14.61,488170
qcg,,,,14.61,0
qhd,22.94,22.94,22.32,22.32,16000
qhd,,,,22.32,0
qnc,4.4,4.4,4.0,4.0,693
qnc,,,,4.0,0
qst,11.59,11.59,11.59,11.59,100
qst,,,,11.59,0
qtc,21.34,21.75,21.34,21.75,5300
qtc,,,,21.75,0
ral,121.19,121.19,118.44,118.45,18190
ral,,,,118.45,0
rcl,16.41,16.41,16.41,16.41,500
rcl,,,,16.41,0
rdp,14.94,15.3,14.49,15.3,69790
rdp,,,,15.3,0
ree,30.14,31.2,29.86,29.86,3209340
ree,,,,29.86,0
ric,,,,8.02,0
ric,,,,8.02,0
ros,118.41,121.52,118.26,121.44,9423280
ros,,,,121.44,0
s4a,16.38,16.73,16.38,16.73,6770
s4a,,,,16.73,0
s55,25.37,25.37,23.76,23.84,16000
s55,,,,23.84,0
s74,6.6,6.6,6.6,6.6,200
s74,,,,6.6,0
s99,5.1,5.4,5.1,5.3,197417
s99,,,,5.3,0
sab,191.4,191.4,188.54,188.54,8650
sab,,,,188.54,0
saf,50.65,53.14,48.64,50.65,600
saf,,,,50.65,0
sam,7.15,7.15,7.01,7.16,900310
sam,,,,7.16,0
sap,,,,14.5,0
sap,,,,14.5,0
sav,9.68,9.68,9.03,9.6,25650
sav,,,,9.6,0
sba,12.1,12.1,11.93,11.93,104760
sba,,,,11.93,0
sbt,25.2,25.5,24.9,25.1,4287280
sbt,,,,25.1,0
sbv,31.67,31.67,31.67,31.67,421800
sc5,29.98,30.07,29.98,29.98,9760
sc5,,,,29.98,0
scd,40.96,40.96,40.62,40.82,1550
scd,,,,40.82,0
sci,5.09,5.09,5.09,5.09,100
sci,,,,5.09,0
scj,1.7,1.8,1.7,1.8,23800
scj,,,,1.8,0
scl,,,,4.0,0
scl,,,,4.0,0
scr,11.22,11.78,11.03,11.78,14494490
scr,,,,11.78,0
sd2,6.65,6.65,6.47,6.56,37688
sd2,,,,6.56,0
sd4,9.56,9.56,9.56,9.56,1666
sd4,,,,9.56,0
sd5,9.78,10.15,9.78,9.78,93310
sd5,,,,9.78,0
sd6,8.67,8.95,8.67,8.76,9410
sd6,,,,8.76,0
sd7,3.6,3.9,3.6,3.8,19600
sd7,,,,3.8,0
sd9,6.76,6.76,6.58,6.58,104802
sd9,,,,6.58,0
sda,2.6,2.7,2.5,2.6,70073
sda,,,,2.6,0
sdc,,,,13.5,0
sdc,,,,13.5,0
sdd,,,,2.2,0
sdd,,,,2.2,0
sde,1.1,1.1,1.1,1.1,500
sde,,,,1.1,0
sdg,17.96,17.96,17.96,17.96,100
sdg,,,,17.96,0
sdh,2.0,2.0,2.0,2.0,45900
sdh,,,,2.0,0
sdn,,,,31.25,0
sdn,,,,31.25,0
sdp,5.0,5.1,4.8,5.0,49000
sdp,,,,5.0,0
sdt,8.15,8.34,8.15,8.34,72100
sdt,,,,8.34,0
sdu,,,,20.0,0
sdu,,,,20.0,0
sdy,,,,7.7,0
sdy,,,,7.7,0
seb,15.89,15.89,15.89,15.89,44
seb,,,,15.89,0
sed,17.21,17.67,17.21,17.67,2100
sed,,,,17.67,0
sfc,23.33,23.33,23.33,23.34,10
sfc,,,,23.34,0
sfg,11.66,11.87,11.4,11.66,99000
sfg,,,,11.66,0
sfi,28.46,28.46,27.99,28.46,2670
sfi,,,,28.46,0
sfn,,,,29.14,0
sfn,,,,29.14,0
sgc,,,,41.72,0
sgc,,,,41.72,0
sgd,9.57,10.12,9.57,10.12,300
sgd,,,,10.12,0
sgh,27.78,29.76,25.0,25.0,1316
sgh,,,,25.0,0
sgo,,,,1.3,0
sgo,,,,1.3,0
sgt,9.59,9.59,9.59,9.59,18380
sgt,,,,9.59,0
sha,8.76,9.02,8.41,8.49,799100
sha,,,,8.49,0
shb,6.23,6.42,6.14,6.33,19638571
shb,,,,6.33,0
shi,7.54,7.87,7.54,7.63,2534790
shi,,,,7.63,0
shn,10.38,10.48,10.09,10.38,2121657
shn,,,,10.38,0
shp,18.25,18.69,18.25,18.69,9080
shp,,,,18.69,0
shs,8.94,9.13,8.57,8.57,1636085
shs,,,,8.57,0
sic,4.89,4.89,4.67,4.75,443100
sic,,,,4.75,0
sii,,,,22.5,0
sii,,,,22.5,0
sj1,,,,12.97,0
sj1,,,,12.97,0
sjc,,,,5.3,0
sjc,,,,5.3,0
sjd,18.05,18.35,18.05,18.23,11240
sjd,,,,18.23,0
sje,,,,21.93,0
sje,,,,21.93,0
sjs,26.37,27.21,25.86,26.03,575370
sjs,,,,26.03,0
skg,38.07,38.35,37.96,37.96,16630
skg,,,,37.96,0
sls,140.82,141.62,139.93,140.82,18250
sls,,,,140.82,0
sma,6.42,6.5,6.26,6.49,3380
sma,,,,6.49,0
smc,15.69,15.84,15.17,15.18,207550
smc,,,,15.18,0
smn,,,,9.17,0
smn,,,,9.17,0
smt,17.98,17.98,17.98,17.98,500
smt,,,,17.98,0
spi,2.3,2.4,2.3,2.3,203900
spi,,,,2.3,0
spm,15.7,16.4,15.65,16.3,530
spm,,,,16.3,0
spp,20.28,21.82,20.28,21.61,93400
spp,,,,21.61,0
sra,12.3,12.4,12.1,12.4,17000
sra,,,,12.4,0
src,14.87,15.06,14.74,15.01,56170
src,,,,15.01,0
srf,16.62,16.62,16.31,16.62,32910
srf,,,,16.62,0
ssc,55.52,59.21,55.33,59.21,4080
ssc,,,,59.21,0
ssi,23.44,23.78,22.77,22.77,4042840
ssi,,,,22.77,0
ssm,15.0,16.5,15.0,15.0,1900
ssm,,,,15.0,0
st8,25.51,25.51,24.13,25.36,4260
st8,,,,25.36,0
stb,12.6,12.9,12.3,12.35,3540640
stb,,,,12.35,0
stc,26.65,26.65,26.65,26.65,100
stc,,,,26.65,0
stg,30.1,31.8,30.1,31.4,677320
stg,,,,31.4,0
stk,15.43,15.43,14.8,14.8,66280
stk,,,,14.8,0
stp,4.73,4.89,4.73,4.89,359
stp,,,,4.89,0
stt,6.25,6.25,6.25,6.25,10
stt,,,,6.25,0
svc,50.64,50.64,49.79,50.17,59120
svc,,,,50.17,0
svi,33.57,33.57,33.23,33.4,18590
svi,,,,33.4,0
svn,3.5,3.7,3.2,3.4,2207510
svn,,,,3.4,0
svt,8.84,8.84,8.84,8.84,10
svt,,,,8.84,0
szl,30.53,32.76,30.53,31.14,78790
szl,,,,31.14,0
ta9,13.75,13.83,13.75,13.76,5920
ta9,,,,13.76,0
tac,53.72,53.72,51.04,51.04,510
tac,,,,51.04,0
tag,28.6,28.6,23.4,23.4,900
tag,,,,23.4,0
tbc,20.91,20.91,20.91,20.91,700
tbc,,,,20.91,0
tbx,,,,10.0,0
tbx,,,,10.0,0
tc6,4.11,4.11,3.92,4.02,149703
tc6,,,,4.02,0
tch,19.16,20.31,19.16,20.31,3321140
tch,,,,20.31,0
tcl,27.43,29.15,27.34,27.48,6770
tcl,,,,27.48,0
tcm,25.92,27.14,25.43,25.48,1863990
tcm,,,,25.48,0
tco,9.52,9.52,9.52,9.52,2450
tco,,,,9.52,0
tcr,3.95,3.98,3.87,3.96,8500
tcr,,,,3.96,0
tcs,4.02,4.02,3.93,4.02,3500
tcs,,,,4.02,0
tct,49.76,50.21,49.76,49.85,5850
tct,,,,49.85,0
tdc,7.71,7.71,7.28,7.29,635410
tdc,,,,7.29,0
tdh,14.74,15.23,13.84,13.84,2478030
tdh,,,,13.84,0
tdn,4.14,4.14,4.05,4.05,1100
tdn,,,,4.05,0
tdw,24.86,25.06,24.86,25.05,1210
tdw,,,,25.05,0
teg,7.4,7.4,6.94,6.94,315680
teg,,,,6.94,0
tet,,,,27.79,0
tet,,,,27.79,0
tfc,6.8,6.8,6.8,6.8,500
tfc,,,,6.8,0
th1,,,,6.2,0
th1,,,,6.2,0
thb,16.5,16.7,16.5,16.7,2300
thb,,,,16.7,0
thg,44.31,44.31,43.05,43.05,48400
thg,,,,43.05,0
ths,,,,7.74,0
ths,,,,7.74,0
tht,5.27,5.35,5.19,5.27,30140
tht,,,,5.27,0
tie,11.5,11.7,11.0,11.25,2770
tie,,,,11.25,0
tig,4.67,4.86,4.47,4.57,1406860
tig,,,,4.57,0
tip,14.84,14.84,14.75,14.74,600
tip,,,,14.74,0
tix,37.61,37.61,35.18,35.18,20
tix,,,,35.18,0
tjc,6.73,6.73,6.73,6.74,2200
tjc,,,,6.74,0
tkc,,,,19.36,0
tkc,,,,19.36,0
tku,13.29,13.75,13.29,13.74,4300
tku,,,,13.74,0
tlg,60.19,60.19,60.19,60.19,10
tlg,,,,60.19,0
tlh,10.27,10.27,9.95,9.96,1440640
tlh,,,,9.96,0
tmb,,,,8.13,0
tmb,,,,8.13,0
tmc,,,,12.53,0
tmc,,,,12.53,0
tmp,24.42,27.42,24.42,27.41,12120
tmp,,,,27.41,0
tms,46.4,46.8,46.01,46.8,1940
tms,,,,46.8,0
tmt,12.1,12.4,11.9,12.2,27670
tmt,,,,12.2,0
tmx,,,,9.27,0
tmx,,,,9.27,0
tna,43.94,44.1,43.78,43.86,24340
tna,,,,43.86,0
tnc,10.44,10.44,10.44,10.44,1200
tnc,,,,10.44,0
tng,10.76,10.9,10.41,10.49,171397
tng,,,,10.49,0
tnt,2.81,2.97,2.8,2.85,374390
tnt,,,,2.85,0
tpc,8.29,8.33,8.2,8.34,17360
tpc,,,,8.34,0
tph,,,,7.54,0
tph,,,,7.54,0
tpp,21.72,21.72,21.72,21.72,100
tpp,,,,21.72,0
tra,102.5,106.87,102.5,104.93,16560
tra,,,,104.93,0
trc,26.26,26.69,26.0,26.43,124500
trc,,,,26.43,0
ts4,8.2,8.2,8.0,8.2,1040
ts4,,,,8.2,0
tsb,,,,10.36,0
tsb,,,,10.36,0
tsc,3.66,3.71,3.59,3.65,1068810
tsc,,,,3.65,0
tst,4.8,5.0,4.7,5.0,21000
tst,,,,5.0,0
ttb,5.37,5.37,5.22,5.29,237600
ttb,,,,5.29,0
ttc,16.63,16.63,16.63,16.63,2300
ttc,,,,16.63,0
ttf,9.0,9.1,8.71,8.71,579630
ttf,,,,8.71,0
tth,6.51,6.51,6.36,6.43,177790
tth,,,,6.43,0
ttz,3.1,3.1,2.83,2.92,243100
ttz,,,,2.92,0
tv1,17.8,18.4,16.75,18.0,23710
tv1,,,,18.0,0
tv2,85.76,85.97,85.35,85.76,10013
tv2,,,,85.76,0
tv3,33.5,33.5,33.5,33.5,100
tv3,,,,33.5,0
tv4,,,,13.48,0
tv4,,,,13.48,0
tvc,10.23,10.32,10.14,10.23,326310
tvc,,,,10.23,0
tvd,5.17,5.17,5.17,5.17,1970
tvd,,,,5.17,0
tvs,7.8,7.84,7.8,7.8,7000
tvs,,,,7.8,0
txm,8.35,8.54,8.07,8.54,1600
txm,,,,8.54,0
tya,8.28,8.28,8.13,8.25,9620
tya,,,,8.25,0
udc,3.89,3.89,3.6,3.62,101940
udc,,,,3.62,0
uic,28.43,30.29,28.38,29.23,8360
uic,,,,29.23,0
uni,4.1,4.2,4.1,4.2,1200
uni,,,,4.2,0
v12,9.9,9.9,9.9,9.9,70
v12,,,,9.9,0
v21,8.2,8.3,7.9,8.2,24500
v21,,,,8.2,0
vaf,,,,12.73,0
vaf,,,,12.73,0
vat,3.0,3.09,2.91,3.09,40300
vat,,,,3.09,0
vbc,25.64,25.81,25.64,25.82,1100
vbc,,,,25.82,0
vc1,7.97,8.77,7.97,8.76,399
vc1,,,,8.76,0
vc2,15.47,15.65,15.47,15.56,4571
vc2,,,,15.56,0
vc3,29.6,29.8,29.4,29.5,356800
vc3,,,,29.5,0
vc6,7.66,7.66,7.66,7.66,900
vc6,,,,7.66,0
vc7,21.48,21.48,21.2,21.29,46700
vc7,,,,21.29,0
vc9,8.27,8.27,8.02,8.02,13300
vc9,,,,8.02,0
vcb,35.33,35.63,35.24,35.28,1005430
vcb,,,,35.28,0
vcc,11.38,11.47,11.38,11.47,1300
vcc,,,,11.47,0
vcf,,,,141.04,0
vcf,,,,141.04,0
vcg,15.97,17.14,15.52,15.52,4738535
vcg,,,,15.52,0
vcm,20.96,20.96,20.96,20.96,32
vcm,,,,20.96,0
vcr,2.8,2.8,2.8,2.8,60500
vcr,,,,2.8,0
vcs,56.97,57.26,56.61,56.64,30016
vcs,,,,56.64,0
vdl,,,,33.79,0
vdl,,,,33.79,0
vds,9.03,9.03,9.03,9.03,46860
vds,,,,9.03,0
ve1,8.2,8.2,8.2,8.2,2500
ve1,,,,8.2,0
ve2,10.42,10.42,10.0,10.0,1010
ve2,,,,10.0,0
ve3,,,,10.12,0
ve3,,,,10.12,0
ve4,11.01,11.01,11.01,11.01,10
ve4,,,,11.01,0
ve8,11.11,12.09,11.11,12.09,18400
ve8,,,,12.09,0
ve9,5.42,5.42,4.94,5.42,83750
ve9,,,,5.42,0
vfg,39.21,39.48,38.93,38.99,13930
vfg,,,,38.99,0
vgc,14.13,14.67,14.04,14.22,405100
vgc,,,,14.22,0
vgp,22.5,22.5,22.5,22.5,500
vgp,,,,22.5,0
vgs,10.36,10.36,10.01,10.01,493700
vgs,,,,10.01,0
vhc,51.61,51.61,50.93,50.93,25290
vhc,,,,50.93,0
vhg,2.45,2.47,2.39,2.39,1018650
vhg,,,,2.39,0
vhl,,,,42.65,0
vhl,,,,42.65,0
vic,33.88,34.3,33.72,34.3,1007010
vic,,,,34.3,0
vid,7.28,7.72,7.28,7.68,62750
vid,,,,7.68,0
vie,3.7,3.7,3.1,3.1,5400
vie,,,,3.1,0
vig,1.5,1.5,1.4,1.5,103500
vig,,,,1.5,0
vip,6.59,6.67,6.5,6.61,326200
vip,,,,6.61,0
vis,20.66,20.78,20.66,20.69,203150
vis,,,,20.69,0
vit,21.22,21.96,21.22,21.67,79000
vit,,,,21.67,0
vix,5.74,6.06,5.74,5.82,2735354
vix,,,,5.82,0
vjc,73.42,73.42,72.56,73.13,381790
vjc,,,,73.13,0
vkc,11.2,11.4,11.1,11.2,64060
vkc,,,,11.2,0
vla,10.17,11.1,10.17,11.1,200
vla,,,,11.1,0
vmc,14.74,14.96,14.65,14.66,49400
vmc,,,,14.66,0
vmd,29.77,29.77,28.84,28.84,40
vmd,,,,28.84,0
vmi,5.8,5.9,5.6,5.6,179600
vmi,,,,5.6,0
vms,,,,11.45,0
vms,,,,11.45,0
vnc,33.89,33.89,33.89,33.89,195
vnc,,,,33.89,0
vnd,13.99,14.14,13.47,13.47,592391
vnd,,,,13.47,0
vne,7.55,7.71,7.55,7.66,61420
vne,,,,7.66,0
vnf,,,,46.43,0
vnf,,,,46.43,0
vng,10.7,11.2,10.6,11.0,148380
vng,,,,11.0,0
vnl,20.04,20.04,19.59,19.59,11230
vnl,,,,19.59,0
vnm,115.06,115.38,114.66,114.66,531270
vnm,,,,114.66,0
vnr,23.02,23.2,23.02,23.2,6700
vnr,,,,23.2,0
vns,20.36,20.36,19.68,19.68,53390
vns,,,,19.68,0
vnt,27.73,30.72,27.73,30.72,200
vnt,,,,30.72,0
vos,1.06,1.06,1.05,1.06,48010
vos,,,,1.06,0
vpd,11.11,11.11,11.11,11.11,67100
vpd,,,,11.11,0
vph,9.4,9.77,9.09,9.09,724610
vph,,,,9.09,0
vpk,5.92,6.14,5.92,6.13,370
vpk,,,,6.13,0
vps,,,,18.79,0
vps,,,,18.79,0
vrc,23.02,24.5,23.02,23.47,414390
vrc,,,,23.47,0
vsa,17.42,17.42,17.42,17.42,4000
vsa,,,,17.42,0
vsc,48.52,48.52,48.44,48.43,40780
vsc,,,,48.43,0
vsh,15.6,16.16,15.6,16.16,125010
vsh,,,,16.16,0
vsi,12.4,12.48,12.4,12.48,720
vsi,,,,12.48,0
vtb,13.49,13.85,13.4,13.85,15580
vtb,,,,13.85,0
vtc,,,,9.3,0
vtc,,,,9.3,0
vth,10.87,10.87,10.87,10.87,2600
vth,,,,10.87,0
vtj,7.06,7.06,7.06,7.06,29900
vtj,,,,7.06,0
vtl,,,,11.37,0
vtl,,,,11.37,0
vto,6.45,6.5,6.41,6.45,185800
vto,,,,6.45,0
vts,12.0,12.0,12.0,12.0,50
vts,,,,12.0,0
vtv,16.89,17.07,16.89,17.07,10100
vtv,,,,17.07,0
vxb,,,,7.69,0
vxb,,,,7.69,0
wcs,170.52,175.39,170.52,175.39,4400
wcs,,,,175.39,0
wss,4.1,4.1,4.1,4.1,26000
wss,,,,4.1,0
